0010
0020
0030
0040
0050
0060
0070
0080
0011
0021
0031
0041
0051
0061
0071
0081
0090
0100
0110
0120
0130
0140
0150
0160
0091
0101
0111
0121
0131
0141
0151
0161
0170
0180
0190
0200
0210
0220
0230
0240
0171
0181
0191
0201
0211
0221
0231
0241
0250
0260
0270
0280
0290
0300
0310
0320
0251
0261
0271
0281
0291
0301
0311
0321
0330
0340
0350
0360
0370
0380
0390
0400
0331
0341
0351
0361
0371
0381
0391
0401
0410
0420
0430
0440
0450
0460
0470
0480
0411
0421
0431
0441
0451
0461
0471
0481
0490
0500
0510
0520
0530
0540
0550
0560
0491
0501
0511
0521
0531
0541
0551
0561
0570
0580
0590
0600
0610
0620
0630
0640
0571
0581
0591
0601
0611
0621
0631
0641
0650
0660
0670
0680
0690
0700
0710
0720
0651
0661
0671
0681
0691
0701
0711
0721
0730
0740
0750
0760
0770
0780
0790
0800
0731
0741
0751
0761
0771
0781
0791
0801
0810
0820
0830
0840
0850
0860
0870
0880
0811
0821
0831
0841
0851
0861
0871
0881
0890
0900
0910
0920
0930
0940
0950
0960
0891
0901
0911
0921
0931
0941
0951
0961
0970
0980
0990
1000
1010
1020
1030
1040
0971
0981
0991
1001
1011
1021
1031
1041
1050
1060
1070
1080
1090
1100
1110
1120
1051
1061
1071
1081
1091
1101
1111
1121
1130
1140
1150
1160
1170
1180
1190
1200
1131
1141
1151
1161
1171
1181
1191
1201